cpu  2255142 8721 613441 71904873 40155 0 12295 0 0 0
cpu0 281892 1104 76806 8988109 5079 0 1587 0 0 0
cpu1 282435 1092 76438 8988295 4993 0 1512 0 0 0
cpu2 281694 1085 76701 8988533 4966 0 1521 0 0 0
cpu3 281998 1074 76522 8988614 4994 0 1503 0 0 0
cpu4 281528 1091 76451 8988801 5031 0 1546 0 0 0
cpu5 281815 1096 76684 8988390 5020 0 1553 0 0 0
cpu6 281905 1088 76416 8988612 5033 0 1541 0 0 0
cpu7 281875 1091 76423 8988519 5039 0 1532 0 0 0
intr 412831929 22 9 0 0 0 0 0 0 1 0 0 0 0 0 0
ctxt 812934819
btime 1735000000
processes 4821934
procs_running 2
procs_blocked 0
