cpu  2255216 8721 613478 71905250 40157 0 12297 0 0 0
cpu0 281901 1104 76811 8988156 5079 0 1587 0 0 0
cpu1 282444 1092 76443 8988342 4993 0 1512 0 0 0
cpu2 281703 1085 76705 8988580 4967 0 1521 0 0 0
cpu3 282007 1074 76526 8988661 4994 0 1503 0 0 0
cpu4 281537 1091 76455 8988848 5031 0 1547 0 0 0
cpu5 281824 1096 76688 8988437 5020 0 1553 0 0 0
cpu6 281914 1088 76421 8988659 5034 0 1542 0 0 0
cpu7 281884 1091 76427 8988566 5039 0 1532 0 0 0
intr 412834511 22 9 0 0 0 0 0 0 1 0 0 0 0 0 0
ctxt 812939204
btime 1735000000
processes 4821947
procs_running 1
procs_blocked 0
